1.832814
1.842517
1.636814
1.683709
1.763726
1.819898
1.834249
1.836849
1.546997
1.588568
1.643689
1.723943
1.793737
1.819588
1.831088
1.492916
1.555339
1.626893
1.720012
1.774661
1.803765
1.296275
1.396432
1.483536
1.583382
0.9520699
1.09673
1.189049
1.272642
0.7451924
0.9001191
0.9838093
1.056631
0.4109429
0.5612751
0.7187948
0.823328
0.8906832
0.2083165
0.4396089
0.5544587
0.6874714
-0.4322761
-0.7993521
-0.772357
-0.7217526
-0.9712098
-0.9436885
-0.9147091
-1.113687
-1.110308
-1.07151
-1.243851
-1.251105
-1.224857
-1.350173
-1.364217
-1.36424
-1.430034
-1.449401
-1.447468
-1.482208
-1.489879
1.596237
1.659664
1.718986
1.789099
1.825362
1.83863
1.840127
1.567906
1.637427
1.698575
1.767436
1.81301
1.834847
1.836294
1.423331
1.509469
1.582514
1.648752
1.717618
1.776423
1.80604
1.821844
1.828685
1.27106
1.38473
1.478807
1.54789
1.624362
1.699343
1.7427
1.788513
1.027511
1.181641
1.298961
1.388713
1.477668
1.574609
1.64927
0.5747131
0.7987884
0.9522015
1.086001
1.192885
1.277264
1.351726
0.2598374
0.4086743
0.5980802
0.738831
0.8868818
0.9956592
1.06557
1.101221
0.003544299
0.0314604
0.21187
0.3739371
0.5472282
0.6950159
0.8149232
0.8926769
0.9501035
-0.2928782
-0.2125589
-0.04034457
0.1595824
0.3375467
0.51519
0.6349115
0.7631932
0.8491901
-0.5732249
-0.4922615
-0.3647312
-0.158865
0.06239792
0.2717816
0.3972819
-0.7713352
-0.7310098
-0.6322526
-0.479277
-0.2768375
-0.08773089
-0.95462
-0.9219222
-0.8588068
-0.7663025
-0.6048384
-1.14018
-1.120528
-1.096495
-1.049275
-0.9831634
-0.8823209
-1.253675
-1.251965
-1.242362
-1.218663
-1.158776
-1.054525
-1.344211
-1.35778
-1.364549
-1.350076
-1.313942
-1.440798
-1.448696
-1.449777
-1.447999
-1.497659
-1.503681
-1.506754
-1.498049
-1.519583
-1.530901
-1.528302
-1.525752
1.681229
1.739029
1.769178
1.807146
1.521939
1.583747
1.657216
1.719981
1.774828
1.810818
1.826719
1.833005
1.46355
1.547257
1.62481
1.695131
1.754448
1.798351
1.816421
1.824944
1.303615
1.377913
1.456664
1.560439
1.663692
1.724209
1.757234
1.778314
1.800178
1.089785
1.217573
1.342796
1.460562
1.549836
1.628506
1.681815
1.692888
1.729832
0.6441588
0.8485695
1.018582
1.171973
1.294643
1.385214
1.458008
1.537987
1.56293
1.595283
0.3235607
0.4300876
0.590528
0.7659318
0.9664139
1.085337
1.178247
1.255729
1.30825
1.346288
0.1798267
0.2610495
0.3981858
0.5655994
0.7412562
0.8710732
0.9804363
1.053865
1.10888
1.108975
-0.02530161
0.05527148
0.1665648
0.3577606
0.521498
0.6656731
0.8090978
0.8727366
0.9289377
0.9791089
-0.2867186
-0.184196
-0.06782106
0.1084329
0.2887974
0.4539904
0.5793124
0.7063078
0.8146287
0.8834774
-0.5409749
-0.502975
-0.4399785
-0.3693573
-0.1768112
0.01373142
0.1995573
0.3011773
0.4671067
-0.7428044
-0.7237406
-0.6897332
-0.6345298
-0.4817122
-0.3112246
-0.1406936
0.00667924
0.1624969
-0.9514372
-0.936615
-0.9013482
-0.8683019
-0.7723077
-0.6079568
-0.4295346
-0.2434621
-1.122537
-1.114822
-1.089967
-1.062772
-0.9757168
-0.8521312
-0.7461063
-1.253928
-1.25837
-1.244539
-1.21231
-1.144412
-1.040503
-0.9313967
-1.357246
-1.36731
-1.374792
-1.357272
-1.292617
-1.21999
-1.438395
-1.441648
-1.462896
-1.453197
-1.420112
-1.397706
-1.505042
-1.51528
-1.513098
-1.500664
-1.468089
-1.533867
-1.540459
-1.541571
-1.531203
-1.552053
-1.551387
1.661679
1.723918
1.757828
1.790597
1.472704
1.548332
1.635442
1.701574
1.752336
1.784879
1.803705
1.345593
1.409745
1.496979
1.589288
1.669733
1.727252
1.759756
1.774559
1.782465
1.227283
1.301686
1.429773
1.548359
1.632289
1.689999
1.713147
1.714075
1.730191
1.018123
1.172514
1.314227
1.428995
1.512018
1.59835
1.607405
1.613766
1.626936
0.628555
0.8054569
0.9957653
1.147118
1.238993
1.343706
1.435299
1.458646
1.471055
1.477618
0.3527706
0.4265691
0.5690736
0.7752967
0.9300168
1.030985
1.143073
1.217536
1.266168
1.289782
1.283104
0.16352
0.2501334
0.3382061
0.5475967
0.6723238
0.8130211
0.9467637
1.008527
1.074885
1.111199
1.119007
-0.07473017
0.03765915
0.1565255
0.3196525
0.4406407
0.5656532
0.7125667
0.842405
0.9076488
0.9641364
1.005675
-0.3450278
-0.2976134
-0.2223056
-0.05854979
0.03777966
0.1652379
0.3312614
0.4745112
0.6477115
0.746724
0.8582283
-0.5259123
-0.4930179
-0.4431517
-0.3340059
-0.2125714
-0.09142958
0.05457984
0.2228861
0.3475123
0.5130265
-0.7055627
-0.6968887
-0.6605572
-0.5705683
-0.4561627
-0.3696789
-0.2100784
-0.06801016
0.05375617
-0.9062079
-0.9098123
-0.8795049
-0.8263734
-0.7284518
-0.6023539
-0.4770895
-0.3454081
-0.1918327
-1.098396
-1.094661
-1.086015
-1.030412
-0.9558776
-0.8357303
-0.7354645
-0.63491
-1.248166
-1.249852
-1.247778
-1.22026
-1.146744
-1.061078
-0.9393033
-0.8455521
-1.363392
-1.373065
-1.390611
-1.384693
-1.299642
-1.229073
-1.134833
-1.440723
-1.452808
-1.465468
-1.45686
-1.423755
-1.358333
-1.301694
-1.503787
-1.516111
-1.514179
-1.48362
-1.456028
-1.539498
-1.543617
-1.542513
-1.526549
-1.503602
-1.552389
-1.548592
-1.541878
1.406152
1.484476
1.569827
1.639057
1.694207
1.742265
1.761653
1.256659
1.351826
1.436771
1.518311
1.601856
1.648769
1.690711
1.714873
1.150397
1.24507
1.349511
1.480218
1.544539
1.594965
1.62021
1.628366
1.635352
0.8853027
0.97633
1.116357
1.228631
1.343472
1.433242
1.506747
1.508254
1.508998
1.509625
0.5967112
0.7527952
0.9408536
1.053833
1.171686
1.271544
1.347526
1.376027
1.372395
1.372962
0.3034621
0.4071429
0.5306993
0.6984189
0.8480077
0.9695653
1.076379
1.157959
1.20178
1.215242
1.218716
0.09630526
0.2127731
0.3163602
0.4858447
0.6177211
0.7449957
0.8617725
0.9634411
1.035089
1.053539
1.070767
-0.1460886
-0.09656022
0.01419986
0.1119725
0.2473144
0.3740793
0.4985077
0.6155871
0.7495527
0.8918961
0.9293835
0.9547859
-0.3076232
-0.2778947
-0.2322775
-0.1014223
0.0001587453
0.1150648
0.2395823
0.3795072
0.5275177
0.6459647
0.7614394
-0.484962
-0.4779489
-0.4646828
-0.3330066
-0.2435548
-0.1489535
-0.06280131
0.1072749
0.2786436
0.382824
-0.6980289
-0.703783
-0.6728083
-0.5594415
-0.481452
-0.4097869
-0.2951759
-0.143822
-0.02095306
0.08695093
-0.8993131
-0.905463
-0.8851673
-0.8036959
-0.7189841
-0.6207646
-0.5177775
-0.401714
-0.2884331
-1.080243
-1.090499
-1.075843
-1.017748
-0.9312819
-0.8470702
-0.7132815
-0.6531389
-0.5620451
-1.235702
-1.237268
-1.239281
-1.210475
-1.147811
-1.078795
-0.9698387
-0.8644608
-0.8192602
-1.362032
-1.364008
-1.370507
-1.374407
-1.304888
-1.22818
-1.143364
-1.051992
-1.433438
-1.444104
-1.460665
-1.462789
-1.41662
-1.348233
-1.268568
-1.201079
-1.472146
-1.488749
-1.504022
-1.503035
-1.476829
-1.42402
-1.373749
-1.522866
-1.530344
-1.531454
-1.511616
-1.477915
-1.544895
-1.540104
-1.525509
1.401912
1.46664
1.519809
1.597261
1.189294
1.248869
1.345736
1.427893
1.492996
1.541829
1.586663
0.989219
1.056723
1.16239
1.254356
1.358321
1.429272
1.476889
1.481822
1.478864
0.8412886
0.9132631
1.028798
1.143311
1.241904
1.339973
1.371899
1.382414
1.381744
1.379027
0.5734913
0.716701
0.829209
0.9731984
1.086282
1.184757
1.261369
1.269861
1.268448
1.269819
0.2602097
0.3612725
0.4763473
0.6295356
0.7701477
0.8902159
0.9933128
1.075476
1.125524
1.134368
1.138662
-0.02361794
0.04262872
0.1525644
0.2144093
0.4140623
0.5457246
0.6668856
0.7744424
0.8612377
0.9595837
0.9772687
0.9976382
-0.1866913
-0.1297573
-0.05354218
0.005090877
0.1779394
0.3036925
0.4225148
0.534251
0.6411399
0.7883303
0.8394525
0.8844402
-0.27896
-0.2916527
-0.2577727
-0.1998897
-0.05475629
0.05337716
0.1620893
0.2723933
0.4177348
0.5404642
0.6612308
-0.4697288
-0.456201
-0.4305315
-0.3695148
-0.272461
-0.1932844
-0.1160347
0.0202079
0.1826396
0.2841791
0.3934699
-0.6811381
-0.6613646
-0.6595864
-0.5494673
-0.4743962
-0.4160477
-0.3468667
-0.2214982
-0.1192604
0.03013044
-0.8783802
-0.874712
-0.8631447
-0.770169
-0.7087781
-0.6333359
-0.5447041
-0.4532815
-0.3680437
-0.290829
-1.058733
-1.057054
-1.053692
-0.9984995
-0.9312533
-0.8326299
-0.7237539
-0.6716741
-0.5869423
-1.212159
-1.220116
-1.219037
-1.196118
-1.139758
-1.064609
-0.9639988
-0.8811319
-0.8213675
-1.341284
-1.342427
-1.357023
-1.3556
-1.301121
-1.238535
-1.148271
-1.046081
-1.001751
-1.412803
-1.416011
-1.429853
-1.433843
-1.414364
-1.333897
-1.261941
-1.195899
-1.448526
-1.46727
-1.476872
-1.474847
-1.456117
-1.410609
-1.356049
-1.494172
-1.506482
-1.506084
-1.488399
-1.454945
-1.418761
-1.514768
-1.497808
-1.478664
1.110025
1.141433
1.218312
1.312669
1.37999
1.410611
0.995912
1.076932
1.147668
1.216152
1.289641
1.320002
1.333902
1.335077
0.7895551
0.836127
0.9326249
1.045624
1.12444
1.201567
1.214688
1.25047
1.249175
1.237314
0.5485654
0.665429
0.7662085
0.9010333
0.9943043
1.088961
1.124422
1.138366
1.154087
1.155106
0.2265895
0.3068426
0.412126
0.5544217
0.6902686
0.804446
0.9022005
0.992475
1.023634
1.031156
1.050081
-0.01353756
0.1071243
0.1522785
0.3456932
0.4706815
0.5853532
0.6850458
0.7661484
0.8700303
0.8885393
0.9101871
-0.2118332
-0.1707177
-0.1020662
-0.06454417
0.1063501
0.2310888
0.3454631
0.4488928
0.5486188
0.6902056
0.7473307
0.7896121
-0.3351749
-0.3160184
-0.2844043
-0.2582161
-0.1408128
-0.01568401
0.09146459
0.1871632
0.324807
0.4421304
0.5602846
-0.4700735
-0.4836454
-0.440849
-0.4129528
-0.3508804
-0.2489298
-0.1691588
-0.06231091
0.09805136
0.2099383
0.3095405
-0.6794609
-0.6504675
-0.619327
-0.5419407
-0.4878396
-0.4160513
-0.3664098
-0.2798936
-0.1862018
-0.05772551
-0.8536764
-0.8460745
-0.847019
-0.7536767
-0.6858907
-0.642601
-0.570475
-0.4881836
-0.410893
-0.3577144
-1.026483
-1.024637
-1.02427
-0.9668877
-0.9251458
-0.8555115
-0.7440953
-0.706702
-0.6247289
-0.5660129
-1.193541
-1.176435
-1.203527
-1.186952
-1.134359
-1.069453
-0.9387309
-0.8889681
-0.8155524
-1.289615
-1.29855
-1.310742
-1.315905
-1.299622
-1.223611
-1.129557
-1.055835
-1.018251
-1.360577
-1.376279
-1.386274
-1.389689
-1.364149
-1.313594
-1.245902
-1.167427
-1.429373
-1.433487
-1.432237
-1.414017
-1.379601
-1.325219
-1.277737
-1.463186
-1.463721
-1.452352
-1.424397
-1.384503
-1.465431
-1.443582
1.070422
1.1082
1.152349
1.21632
0.9198193
0.9914867
1.053003
1.10671
1.155703
1.193967
1.194062
0.7274588
0.7717128
0.8567417
0.9387853
1.011506
1.064111
1.096651
1.114017
1.140323
0.5349435
0.6082036
0.6917761
0.8067819
0.8805892
0.9537742
0.9718418
1.015119
1.032903
1.030416
0.2747044
0.3845719
0.4977017
0.6015304
0.7185266
0.7976166
0.8623871
0.8955811
0.917401
0.9134496
-0.01712992
0.05336522
0.1246727
0.2916465
0.3991748
0.5062203
0.5941482
0.6612144
0.7461629
0.7992145
0.8284174
-0.2488878
-0.2009908
-0.1266397
-0.0923681
0.03849001
0.1627713
0.2737216
0.3672253
0.4581894
0.5727088
0.6547272
0.7264827
-0.3781567
-0.346364
-0.2967138
-0.28085
-0.2317461
-0.07940421
0.0337141
0.1192373
0.2449256
0.3470566
0.4609967
-0.5160467
-0.4931949
-0.4628912
-0.4136197
-0.4090912
-0.3222463
-0.1979166
-0.1102216
0.03071321
0.1319452
0.2303095
-0.6517289
-0.6491408
-0.6145101
-0.5721766
-0.4862641
-0.4559555
-0.3872473
-0.3345224
-0.2417757
-0.1218254
-0.815428
-0.8186643
-0.8047075
-0.736674
-0.6909272
-0.6594527
-0.5797002
-0.513185
-0.4509453
-0.4006295
-0.9980297
-0.9827779
-0.9963772
-0.9651362
-0.9259765
-0.8719952
-0.7889212
-0.733952
-0.6414006
-0.5937003
-1.131695
-1.140598
-1.148629
-1.141368
-1.122287
-1.07633
-0.9590437
-0.8959339
-0.809552
-1.244435
-1.255513
-1.258916
-1.262662
-1.245867
-1.198128
-1.125297
-1.052529
-1.018035
-1.334729
-1.335183
-1.33297
-1.314651
-1.274169
-1.220601
-1.157297
-1.123359
-1.369818
-1.38631
-1.384487
-1.365615
-1.339599
-1.284233
-1.245148
-1.404972
-1.393011
-1.375246
-1.347192
0.9175444
0.9628725
0.9912524
1.01672
0.7055334
0.7718812
0.8443854
0.8919718
0.928552
0.9581251
0.96293
0.980324
0.5073379
0.54585
0.6113361
0.6931412
0.7712647
0.8204892
0.8609654
0.8853781
0.9285097
0.2438372
0.3426789
0.434341
0.5241696
0.6250353
0.6817894
0.7211357
0.7814329
0.8305798
0.8505754
-0.08142418
0.03083746
0.1329295
0.248556
0.3394111
0.4375378
0.5136582
0.5932353
0.6423436
0.7199931
0.7497858
-0.2072984
-0.1447917
-0.09408971
0.03452573
0.1041112
0.2112235
0.2881472
0.4127533
0.4717899
0.5670745
-0.3516521
-0.3076283
-0.2842904
-0.2102891
-0.09886684
-0.006943613
0.06771664
0.1927639
0.2812948
0.376749
-0.5080085
-0.5098658
-0.469121
-0.443312
-0.4222693
-0.2957646
-0.2214603
-0.1522495
-0.03933321
0.07313067
0.1449086
-0.6787406
-0.6557103
-0.6287758
-0.6056662
-0.5481562
-0.4805989
-0.4263811
-0.382057
-0.2815129
-0.1887322
-0.7965456
-0.8100196
-0.7946614
-0.7612948
-0.7208084
-0.6796507
-0.6091133
-0.5439462
-0.4874686
-0.4440951
-0.9378254
-0.9558847
-0.9544693
-0.9377385
-0.9292863
-0.8777136
-0.8104802
-0.735993
-0.6436626
-0.6036627
-1.097838
-1.091198
-1.08377
-1.088651
-1.050348
-0.9677764
-0.8935908
-0.8175617
-1.204638
-1.199973
-1.199851
-1.176254
-1.145812
-1.0909
-1.043293
-1.000115
-1.277881
-1.280259
-1.276949
-1.262127
-1.23339
-1.194744
-1.138217
-1.097888
-1.329386
-1.323178
-1.313633
-1.292508
-1.255586
-1.227313
-1.343293
-1.331014
-1.316639
0.7522294
0.7813608
0.8113063
0.8319551
0.8465132
0.4836241
0.5417423
0.583235
0.6568143
0.7090774
0.7590881
0.7995415
0.8148389
0.3072519
0.3692642
0.4411378
0.4948666
0.5805787
0.6331156
0.6915104
0.7440343
0.01997418
0.08877189
0.1865086
0.254455
0.3475512
0.407083
0.4923558
0.5549775
0.6322706
-0.1528134
-0.08452442
-0.00626199
0.0720485
0.1584952
0.2196974
0.2934875
0.3869892
0.4552466
-0.3575145
-0.3145559
-0.2667225
-0.2191289
-0.0997584
-0.03404615
0.02964024
0.1004411
0.2000953
0.2600697
-0.528501
-0.4791095
-0.4434601
-0.4105241
-0.291327
-0.2375603
-0.1524463
-0.0928762
-0.004813047
-0.6435693
-0.6409373
-0.6145331
-0.5719553
-0.5029283
-0.4545542
-0.3677767
-0.279289
-0.2169255
-0.7921577
-0.7822243
-0.7699662
-0.7278371
-0.6929796
-0.5948658
-0.5495916
-0.4796525
-0.4497252
-0.9276333
-0.9200581
-0.9163437
-0.8880158
-0.8542171
-0.7798976
-0.719292
-0.6534281
-0.6106523
-1.059272
-1.0606
-1.038686
-1.018829
-0.9851205
-0.9326045
-0.8743416
-0.8027345
-1.156462
-1.153212
-1.141986
-1.127695
-1.100948
-1.058006
-0.9882139
-0.9631823
-1.225843
-1.221081
-1.213135
-1.187517
-1.144432
-1.106091
-1.277323
-1.264244
-1.247077
-1.22827
0.5133687
0.558413
0.6268058
0.6775768
0.7072467
0.3227013
0.3510395
0.4155079
0.4726283
0.5555326
0.6243343
0.05119449
0.1330324
0.2221572
0.2856769
0.3359048
0.3964872
0.4831035
-0.1495787
-0.09526335
-0.03218098
0.03593633
0.1019051
0.174603
0.2400245
0.3053893
-0.3111698
-0.262641
-0.2058436
-0.1420333
-0.09240654
-0.01288619
0.06500604
0.1369536
-0.4961526
-0.4350816
-0.3761947
-0.3076153
-0.2485814
-0.1860064
-0.1256347
-0.07561354
-0.6946976
-0.6637027
-0.6032227
-0.5426759
-0.4713149
-0.4295356
-0.3479718
-0.2983651
-0.244957
-0.7901869
-0.7768008
-0.746809
-0.7020397
-0.6428631
-0.588258
-0.5275449
-0.4620939
-0.8860095
-0.8774326
-0.8499014
-0.8051679
-0.7543183
-0.7044159
-0.6473411
-1.001568
-0.9777592
-0.9707386
-0.9391607
-0.8933631
-0.8286768
-0.8003616
-1.102152
-1.08375
-1.064729
-1.049228
-1.013452
-0.9724478
-1.159187
-1.140987
-1.109797
0.3274216
0.3847846
0.4282765
0.1104598
0.2016464
0.2686794
0.3048472
0.3423497
-0.0995348
-0.05416188
-0.01021201
0.02959107
0.1009535
0.1804196
0.2335168
-0.260195
-0.2082549
-0.1761292
-0.141333
-0.08500987
-0.01471131
-0.4301317
-0.3588032
-0.3037874
-0.2648628
-0.2227156
-0.1636919
-0.6871389
-0.6082391
-0.506631
-0.4354515
-0.3838201
-0.3483524
-0.2754213
-0.7839264
-0.7537219
-0.6645449
-0.5822897
-0.5245174
-0.4783641
-0.8552032
-0.855713
-0.8342437
-0.7510463
-0.6963001
-0.6710617
-0.935764
-0.9385434
-0.9053169
-0.8649776
-1.009988
-0.203294
-0.1827481
-0.1517781
-0.2921032
-0.277411
-0.2516948
-0.3916943
-0.3512284
-0.3189983
-0.4675638
