1.071994
1.064342
1.08031
1.076427
1.087113
1.084152
0.9853304
0.9732638
1.042533
1.032051
1.012838
1.000407
1.06598
1.057236
1.045674
1.034692
1.012321
1.085453
1.083073
1.075186
1.066748
1.05701
1.041441
1.090746
1.089631
1.086939
1.081688
1.070712
1.091915
1.088904
1.084344
1.081019
0.8301764
0.9150554
0.8977501
0.8683591
0.8485969
1.002128
0.9885376
0.9599718
0.946506
0.9265844
0.9026592
0.8896692
1.02726
1.021657
1.005845
0.9892659
0.9708259
0.9447169
0.9298101
1.071969
1.05818
1.050905
1.038727
1.024532
1.008702
0.9893036
0.9749337
1.082755
1.080813
1.07293
1.062769
1.050562
1.036423
1.017362
1.087904
1.087947
1.086356
1.080223
1.069353
1.058395
1.044838
1.092548
1.091918
1.088904
1.079609
1.072269
0.7224156
0.7079936
0.6843656
0.8140532
0.7817518
0.7684164
0.7340351
0.7106121
0.9390828
0.916052
0.8804094
0.8524629
0.8286764
0.8049899
0.7818541
1.014105
1.005845
0.9829409
0.9609851
0.9329568
0.9076081
0.8856083
0.8663442
0.8509479
1.039717
1.031007
1.017383
1.001468
0.9802005
0.9620519
0.942506
0.9202459
0.9047195
1.065419
1.059676
1.04806
1.034233
1.017519
1.000877
0.9832214
0.9647642
0.9496704
1.079746
1.077687
1.072134
1.059672
1.045117
1.029814
1.012928
0.9967201
0.9858415
1.084602
1.083885
1.081839
1.07649
1.062214
1.048522
1.028021
1.012552
0.5909589
0.5795201
0.5775185
0.7327134
0.706917
0.6717891
0.6497871
0.6323267
0.6270268
0.9055314
0.8618546
0.8033773
0.7736644
0.742259
0.7174276
0.693154
0.6750847
0.665044
0.9747435
0.9415057
0.9110323
0.874939
0.8401029
0.8071566
0.7810761
0.7595848
0.7395754
0.7267267
1.028543
1.008959
0.9857887
0.9592499
0.9312585
0.8962212
0.8540443
0.830156
0.8220568
0.8023934
0.7776664
1.057562
1.054966
1.038586
1.020792
1.000215
0.98122
0.9485056
0.9392298
0.920675
0.8862496
0.8607923
0.8183559
1.0702
1.069124
1.061814
1.050079
1.033057
1.014258
0.9926519
0.9750174
0.9566272
0.9366816
0.9183608
1.076226
1.077132
1.074938
1.072367
1.058897
1.043281
1.025031
1.007352
0.9900248
0.977073
0.954148
1.080423
1.080563
1.081041
1.076972
1.067669
1.048774
1.030321
1.007301
0.9912638
0.4132699
0.3982579
0.3753074
0.3421428
0.5711839
0.5493671
0.5166779
0.4938191
0.4683439
0.4181938
0.3939914
0.8431249
0.7584758
0.6820458
0.6424868
0.6091003
0.5806274
0.5532482
0.522003
0.4691003
0.9240224
0.8777075
0.819172
0.7643213
0.72479
0.6915975
0.6600192
0.6308951
0.6057369
0.5812622
0.9998071
0.959462
0.9197195
0.877467
0.8361624
0.796995
0.7621346
0.7329012
0.7063691
0.6817636
0.6605851
1.039214
1.035237
0.9987706
0.9654266
0.931594
0.9026278
0.85862
0.8193219
0.7984759
0.7766677
0.7525645
0.7294481
1.057196
1.051728
1.031705
1.005711
0.9764615
0.9478306
0.9160165
0.8903034
0.8682946
0.8452575
0.8231748
0.8042431
1.069658
1.068003
1.058865
1.039038
1.013295
0.9877971
0.962525
0.9405185
0.9215052
0.9045696
0.8911018
1.075155
1.074974
1.073684
1.064388
1.041713
1.020486
0.9995311
0.980622
0.9657826
0.9495085
1.077658
1.07869
1.075053
0.202723
0.1978758
0.191466
0.1945777
0.339207
0.3394115
0.321187
0.3061431
0.2881554
0.2694402
0.2462935
0.559631
0.4871382
0.461389
0.4360854
0.4123361
0.3851238
0.3589493
0.3389599
0.761064
0.6782879
0.6135485
0.5737106
0.5428587
0.5095946
0.4774045
0.4511904
0.4237067
0.4151485
0.8913809
0.8287196
0.7642516
0.7100253
0.6697738
0.6417528
0.5974929
0.5580008
0.5348839
0.4987712
0.4207074
0.9270425
0.8845706
0.8354695
0.7895018
0.7495061
0.7145683
0.6793672
0.6467328
0.6163741
0.5839686
1.02223
0.97874
0.9382464
0.8960042
0.8560219
0.8171184
0.7823576
0.7528507
0.7248359
0.6917321
0.6448412
1.05701
1.049005
1.023084
0.987644
0.9472724
0.9103543
0.8761809
0.8466171
0.8219556
0.8012395
0.7770193
1.06572
1.063767
1.053615
1.028276
0.9883896
0.9553785
0.9258972
0.9006547
0.8809597
0.8712382
1.071379
1.071606
1.069263
1.058795
-0.0547869
-0.04478049
-0.03907259
-0.03953597
-0.04994771
-0.08555819
0.1053829
0.06758104
0.08681008
0.08836061
0.08244225
0.07145737
0.03892853
0.2801386
0.2425199
0.2318986
0.2242733
0.2140258
0.196621
0.1818986
0.1644672
0.1610655
0.4575
0.3974798
0.3757065
0.3555208
0.3370579
0.2996558
0.2851502
0.2672278
0.2481392
0.6804557
0.6003058
0.5414581
0.5040302
0.4790967
0.4394658
0.4002679
0.3835105
0.3627142
0.349777
0.7673997
0.7037219
0.6492415
0.6097543
0.5823643
0.5350137
0.4933037
0.4715596
0.4408532
0.4101408
0.888317
0.846514
0.7899578
0.739329
0.699066
0.6626429
0.6223554
0.5865113
0.5505493
0.5049856
0.9501686
0.9046909
0.8555431
0.809113
0.7690982
0.7331719
0.699924
0.6699041
0.6252241
0.5690851
1.051025
1.024419
0.9702957
0.9122807
0.8673577
0.8293835
0.7968923
0.7706438
0.7562262
1.058299
1.051812
1.028682
-0.4441915
-0.4303387
-0.4158666
-0.3326142
-0.3428694
-0.3301364
-0.309197
-0.2648786
-0.2459459
-0.222715
-0.1877711
-0.1728534
-0.1611579
-0.1524019
-0.1469075
-0.1630482
-0.1744725
-0.05566994
-0.055169
-0.03345414
-0.01971818
-0.01438622
-0.01610566
-0.02134492
-0.03544465
-0.04185306
0.1808922
0.1540103
0.1375889
0.1320514
0.1276997
0.1097627
0.1006857
0.08809426
0.08471144
0.346835
0.3211549
0.2977794
0.2750852
0.2591983
0.2268631
0.2148743
0.1993775
0.1794117
0.5291688
0.4765189
0.4370379
0.4044963
0.3713775
0.3422161
0.3242852
0.3056006
0.281626
0.7318677
0.6420116
0.5825266
0.5456688
0.51148
0.4752131
0.4440655
0.4193779
0.3904411
0.8102413
0.7487732
0.6892679
0.6546326
0.6152075
0.5619504
0.527977
0.4908298
0.4745694
0.8691488
0.8098661
0.7564982
0.7163348
0.6780916
0.6409511
0.617429
-0.6624983
-0.6400113
-0.6165184
-0.6056237
-0.6727657
-0.6019318
-0.5571987
-0.5285798
-0.506139
-0.4972777
-0.4511157
-0.6377444
-0.540254
-0.4657675
-0.4323129
-0.4050225
-0.3807921
-0.3563171
-0.3287038
-0.3149455
-0.4471687
-0.3725918
-0.3091475
-0.2799993
-0.2573854
-0.2408966
-0.2293841
-0.2270708
-0.2297742
-0.262784
-0.1823076
-0.1441527
-0.11756
-0.1065667
-0.1018562
-0.1028294
-0.1143121
-0.1453263
0.04883679
0.03969763
0.04413422
0.0449485
0.03840074
0.0282568
0.01240859
-0.01323956
0.2483745
0.2344793
0.196303
0.1806877
0.1642849
0.1489635
0.1373473
0.1359092
0.4407074
0.3868104
0.3464054
0.3016984
0.2809752
0.2749946
0.2281923
0.5336025
0.4704864
0.4382827
0.4203756
0.3997397
0.3888728
0.4818469
0.4594322
-0.8973659
-0.86033
-0.8109047
-0.7343833
-0.867271
-0.8335868
-0.7866292
-0.7480419
-0.7100962
-0.6782725
-0.6515919
-0.8281484
-0.7716768
-0.7166781
-0.6682254
-0.6277389
-0.5931107
-0.5633622
-0.5231103
-0.4852581
-0.7741324
-0.7326621
-0.6571136
-0.5916601
-0.5390956
-0.4974158
-0.4639788
-0.4339313
-0.3980727
-0.353183
-0.5936947
-0.5156676
-0.4463017
-0.3887185
-0.3488963
-0.3219857
-0.3009267
-0.2780899
-0.2500345
-0.4764815
-0.3883785
-0.261849
-0.1990078
-0.193256
-0.1832722
-0.1784309
-0.1875437
-0.1617091
-0.08501498
-0.03261574
-0.01654255
-0.01674794
-0.02968686
-0.05309014
0.09295341
0.1142118
0.1065958
0.07094863
0.05653011
0.2053335
0.1982668
-1.204457
-1.156703
-1.108439
-1.074098
-1.218062
-1.153997
-1.111312
-1.034164
-0.9787139
-0.920284
-0.8262483
-0.8001748
-1.178077
-1.086587
-1.014686
-0.9601474
-0.9021738
-0.8559605
-0.8066884
-0.752555
-0.7541932
-1.000269
-0.9417101
-0.8790548
-0.8298219
-0.7753785
-0.7249161
-0.6816667
-0.6491691
-0.6228219
-0.868439
-0.8167722
-0.7719101
-0.7113804
-0.6511705
-0.5952023
-0.5524911
-0.5171119
-0.4813224
-0.6980644
-0.6715468
-0.5882899
-0.5158861
-0.4318442
-0.3914769
-0.3615219
-0.3298884
-0.3043863
-0.286577
-0.2655224
-0.2462117
-1.436938
-1.389931
-1.296906
-1.183429
-1.40565
-1.37717
-1.326629
-1.271113
-1.203381
-1.133624
-1.063328
-1.369327
-1.35241
-1.320552
-1.269551
-1.214791
-1.154724
-1.093085
-1.027324
-0.9284645
-0.887051
-1.323812
-1.273039
-1.209707
-1.14548
-1.087435
-1.025493
-0.9665695
-0.9064066
-0.8357421
-0.8054332
-1.237164
-1.143182
-1.104118
-0.9972382
-0.9288512
-0.8681453
-0.8062925
-0.7569075
-0.7231653
-0.7066892
-0.8721356
-0.8225335
-0.7637862
-0.7076975
-0.6603292
-0.6194252
-1.522437
-1.48554
-1.601947
-1.562816
-1.504418
-1.455189
-1.394886
-1.292623
-1.526564
-1.52479
-1.484855
-1.433403
-1.377767
-1.303572
-1.220121
-1.176694
-1.492836
-1.449825
-1.42587
-1.439181
-1.38708
-1.332686
-1.273375
-1.202314
-1.130091
-1.043515
-1.368131
-1.364006
-1.33399
-1.272487
-1.214424
-1.153584
-1.089384
-1.021593
-0.9237636
-1.713274
-1.668656
-1.613702
-1.554216
-1.53388
-1.726498
-1.682343
-1.632754
-1.578816
-1.524196
-1.473535
-1.437871
-1.772363
-1.719012
-1.659952
-1.627002
-1.576423
-1.523899
-1.473458
-1.406507
-1.317329
-1.65104
-1.594757
-1.572432
-1.515893
-1.462374
-1.405787
-1.30882
-1.203529
-1.663628
-1.885069
-1.827315
-1.763123
-1.710564
-1.656631
-1.609567
-1.595926
-1.929409
-1.901537
-1.871801
-1.803639
-1.746138
-1.692195
-1.637895
-1.597171
-1.559309
-1.90954
-1.880316
-1.811214
-1.763266
-1.709491
-1.648704
-1.596359
-1.553879
-1.524551
-1.784815
-1.725671
-1.666913
-1.593808
-1.545001
-1.522124
-1.76774
-1.727823
-1.948369
-1.943845
-1.927862
-1.898818
-1.853683
-1.792842
-1.73735
-1.698783
-1.656684
-1.944898
-1.937289
-1.922377
-1.893623
-1.844566
-1.785296
-1.73149
-1.680315
-1.638481
-1.603006
-1.944277
-1.930421
-1.915226
-1.876763
-1.824591
-1.766296
-1.718329
-1.665367
-1.616858
-1.906831
-1.875229
-1.821795
-1.752444
-1.95034
-1.945762
-1.936292
-1.917609
-1.873507
-1.810305
-1.755415
-1.720796
-1.9514
-1.94836
-1.944238
-1.933442
-1.913577
-1.871571
-1.80835
-1.752899
-1.70864
-1.948165
-1.941041
-1.926359
-1.909892
-1.871574
-1.804382
-1.750679
-1.7024
-1.918636
-1.899077
-1.947883
-1.937527
-1.92117
-1.950155
-1.945845
-1.937025
-1.924256
-1.89911
-1.852133
-1.931354
-1.919378
-1.896834
