1.18341
1.179009
-0.2362739
-0.2018417
-0.1389717
-0.0364095
0.1004667
0.2099734
0.2723796
0.3562157
-0.2408756
-0.2088208
-0.1486554
-0.03654175
0.07066238
0.1629579
0.2372343
0.2894188
-0.2359722
-0.2093492
-0.1499296
-0.06230152
0.04355125
0.1305494
0.1945643
0.2541295
-0.2179493
-0.173234
0.03231857
0.1032996
0.1497099
0.1996497
0.09421954
0.1372986
1.192022
1.19375
1.180307
1.182391
1.186344
1.168685
1.172423
1.151011
0.5332541
0.5973884
0.6505993
0.1486371
0.2626558
0.3800215
0.4598373
0.5309561
0.5820956
-0.276109
-0.2568651
-0.2235694
-0.1436528
0.00384468
0.1109483
0.2101224
0.3102083
0.4009024
0.4710084
0.5465013
-0.277452
-0.2574887
-0.2152186
-0.1328206
-0.03829213
0.07136466
0.1759134
0.2604483
0.3329971
0.4025486
0.4865496
-0.2872919
-0.2612324
-0.2178999
-0.1545155
-0.05842739
0.04510573
0.1355218
0.2118878
0.2767805
0.3316263
-0.2743333
-0.2430072
-0.1797111
-0.08801759
0.02312641
0.1013541
0.1700122
0.2242915
0.2832978
-0.2864573
-0.2680415
-0.2290581
-0.136686
-0.01406536
0.07945836
0.129622
0.175636
-0.2914155
-0.2726116
-0.2127787
0.06215996
0.1007449
0.1432469
1.220141
1.207963
1.210226
1.191819
1.198229
1.199893
1.179065
1.183203
1.185784
1.152372
1.157887
1.161736
1.172902
1.114632
1.117963
1.120339
1.043286
1.052339
1.058314
0.9529049
0.9761474
0.9846796
0.8222806
0.8670977
0.8985026
0.9189953
0.6571372
0.7045308
0.7609473
0.8132567
0.8601068
0.4832455
0.5656836
0.632147
0.681811
0.7386944
0.7774222
0.1746139
0.2931009
0.4163662
0.5011744
0.5668738
0.6229637
0.6645486
-0.3099932
-0.2842103
-0.2415407
-0.1295412
0.02120673
0.1494622
0.2492411
0.3489563
0.433243
0.5044129
0.5621283
0.6063674
-0.3057993
-0.2925377
-0.2379422
-0.152897
-0.02381254
0.08594837
0.1909788
0.2887926
0.3726651
0.4420918
0.5051845
0.5560284
-0.3161604
-0.3029853
-0.2557303
-0.1713058
-0.07359881
0.03819864
0.1400361
0.2277561
0.3075791
0.3776515
0.43669
-0.3339247
-0.3211944
-0.276074
-0.2080718
-0.1153111
-0.007468187
0.09345704
0.1815514
0.2556606
0.3139473
0.3587071
-0.3321797
-0.3037939
-0.245239
-0.159288
-0.04846759
0.05354886
0.1344448
0.2008141
0.2479478
-0.3467102
-0.3267687
-0.2890027
-0.2209121
-0.1005252
0.02940475
0.09905152
0.1441514
0.1798571
-0.3437224
-0.3204932
-0.2868488
-0.01483415
0.08035521
0.1050414
1.23069
1.229408
1.219098
1.219245
1.219858
1.200914
1.204825
1.208277
1.170858
1.176234
1.184451
1.188269
1.149244
1.147444
1.156375
1.162221
1.103831
1.106139
1.111823
1.122218
1.031741
1.048853
1.056857
1.053379
0.9315655
0.9545223
0.9805617
0.9959416
1.000558
0.8232284
0.8821547
0.9148005
0.9370589
0.9552222
0.6664342
0.7480268
0.8003666
0.8426796
0.8720298
0.5318757
0.6072029
0.6677898
0.7212968
0.7685505
0.7999225
0.2398866
0.3483057
0.4568025
0.5417994
0.5989796
0.6555797
0.6987104
0.7247906
-0.3662231
-0.3493792
-0.3163005
0.07025538
0.1967654
0.2991107
0.384427
0.4775076
0.5432521
0.593148
0.6387869
0.6660924
-0.3629749
-0.3617066
-0.3083236
-0.1727959
0.002830022
0.1336582
0.2431214
0.3325753
0.4022693
0.4726969
0.5295814
0.5761534
-0.3787715
-0.3774742
-0.3108734
-0.1956261
-0.07445861
0.06499948
0.1795736
0.2630548
0.3511321
0.4093435
0.4664573
0.5036873
-0.3964214
-0.3887924
-0.3320467
-0.2376331
-0.1362205
0.01419115
0.1164938
0.2010184
0.282607
0.343244
0.3947595
-0.4135967
-0.3989096
-0.3578172
-0.2879075
-0.1961201
-0.07060861
0.04336542
0.1470414
0.2209393
0.279653
0.3146542
-0.4064101
-0.3791986
-0.3282069
-0.2563955
-0.1386498
-0.01568616
0.08854088
0.1609077
0.2094209
-0.4101696
-0.3905443
-0.3645345
-0.318481
-0.2139655
-0.0724825
0.04869485
0.1100775
0.1464389
-0.3862997
-0.3696553
-0.3127263
-0.005716287
0.0755905
-0.4146784
-0.399674
1.244445
1.242804
1.238717
1.238702
1.23863
1.228606
1.227195
1.227714
1.205746
1.211878
1.21299
1.172812
1.178114
1.185263
1.189363
1.145582
1.146146
1.152342
1.156805
1.100342
1.101793
1.109072
1.113867
1.025994
1.04625
1.055537
1.063117
0.9358103
0.9611559
0.9847849
1.003215
1.009197
0.8625461
0.895393
0.9235243
0.9510365
0.9582862
0.7190385
0.777362
0.8317372
0.8586304
0.894745
0.9031406
0.5799854
0.6451581
0.7065193
0.7612443
0.7896971
0.8253644
0.4241745
0.507767
0.5736217
0.6386262
0.6929886
0.7208244
0.7460761
-0.4719391
-0.4600039
0.2691519
0.3664151
0.4306805
0.5160828
0.5761608
0.6215742
0.6587806
0.6828882
-0.4685888
-0.464099
-0.4239621
0.0434247
0.2016365
0.315179
0.3936373
0.4464083
0.5234972
0.5570803
0.6061683
0.6273824
-0.4758489
-0.4799083
-0.4430886
-0.2973404
-0.08031607
0.1219239
0.2397853
0.3266853
0.3908265
0.4458787
0.4935067
0.5356389
-0.479098
-0.4739213
-0.4474009
-0.3489101
-0.2118154
0.03342063
0.1574747
0.2472144
0.3300213
0.3785869
0.42877
0.4615674
-0.4870421
-0.4821588
-0.4446558
-0.3756676
-0.2835935
-0.07458135
0.07787557
0.1974996
0.2537215
0.3082826
0.3493749
-0.4874972
-0.4737797
-0.4468484
-0.406191
-0.3217606
-0.200116
-0.0343703
0.09580158
0.182563
0.2337626
0.2771782
-0.4766105
-0.4513854
-0.4166076
-0.3615337
-0.2801197
-0.1211004
0.01764061
0.1148483
0.1837739
-0.4584175
-0.4306307
-0.4057195
-0.3515057
-0.2340846
-0.05267747
0.07650008
-0.4547904
-0.4323344
-0.4103592
-0.3500091
-0.4685457
-0.4621072
1.25036
1.250796
1.249219
1.247716
1.245166
1.244505
1.243827
1.233163
1.233759
1.236287
1.215047
1.216143
1.217691
1.18181
1.184322
1.188852
1.191777
1.147462
1.15076
1.152632
1.157898
1.101667
1.10677
1.109419
1.115802
1.041052
1.053613
1.060184
1.06256
0.9585913
0.9779667
0.9978616
1.007623
1.013695
0.8906925
0.9188163
0.9409857
0.9547626
0.9626357
0.7555701
0.8122284
0.8587856
0.8872618
0.9017799
0.917694
0.6271293
0.6891105
0.7435405
0.7811121
0.81806
0.8481591
0.8675619
0.5114939
0.5660135
0.6121272
0.678616
0.7258487
0.7485398
0.7807284
-0.5990353
-0.5931263
0.3798551
0.4397191
0.4992908
0.5723072
0.6144514
0.6606644
0.6826756
0.6963584
-0.5947243
-0.5915131
-0.5823987
0.3011843
0.3729738
0.4460659
0.5049778
0.5579566
0.5894547
0.625245
0.6503232
-0.5880266
-0.592699
-0.5721959
-0.5147662
0.2495409
0.3261723
0.3968073
0.4326171
0.4860125
0.5231531
0.5666203
-0.571931
-0.5710826
-0.5580988
-0.5075867
-0.3612961
0.04386287
0.2292302
0.3271048
0.3787867
0.417756
0.4597324
0.4919704
-0.5619127
-0.5598326
-0.5558527
-0.5001392
-0.4326781
0.1416869
0.2475021
0.2983764
0.3476735
0.3919696
-0.559453
-0.5527465
-0.5283077
-0.5084807
-0.4396407
-0.3125371
-0.02571721
0.1426374
0.2178946
0.2792926
0.3186416
-0.5442502
-0.5277778
-0.4888577
-0.4390446
-0.3595804
-0.1978357
0.0172395
0.1454187
0.2210712
-0.5265501
-0.4946885
-0.4546787
-0.397464
-0.3001548
-0.1087079
0.08809987
-0.4997174
-0.4824102
-0.455369
-0.4053013
-0.5036238
-0.4939568
-0.4846854
-0.4808603
1.25398
1.25297
1.25279
1.251969
1.248436
1.248282
1.24826
1.237978
1.23805
1.238736
1.23986
1.219258
1.218833
1.219851
1.222036
1.186692
1.191137
1.192497
1.197929
1.152021
1.155561
1.157526
1.163134
1.103161
1.112917
1.117971
1.12022
1.037061
1.052162
1.063885
1.07095
1.07439
0.9841369
0.998059
1.011723
1.020989
1.025156
0.9188462
0.9412891
0.958601
0.9674816
0.9759283
0.8068085
0.8464547
0.8911986
0.9075468
0.9155947
0.9303299
0.6843466
0.7363852
0.7824891
0.8126278
0.84368
0.8657104
0.8822787
0.5925379
0.6272211
0.6628738
0.7243294
0.7632993
0.7795646
0.808049
-0.7387858
-0.7386678
0.521055
0.5692845
0.615251
0.6528798
0.6889095
0.7106403
0.7255095
-0.7193895
-0.7178232
-0.7163755
0.3942743
0.4545368
0.5108898
0.5611861
0.5963402
0.6246518
0.6531232
0.6704446
-0.7043159
-0.6974417
-0.6845841
-0.6570106
0.3321075
0.3991904
0.4536623
0.4956489
0.5265834
0.5567243
0.5952556
-0.6767839
-0.6685323
-0.6582176
-0.6395452
-0.5747682
0.3388323
0.3933111
0.4257528
0.459365
0.4952884
0.5212288
-0.6415648
-0.6469746
-0.6379347
-0.6196111
-0.5515126
-0.3906228
0.1794778
0.3036305
0.3471611
0.3869035
0.4305038
-0.6372687
-0.6348052
-0.6147731
-0.5915304
-0.5365947
-0.4762881
0.2018949
0.2639825
0.3344526
0.3519624
-0.6184096
-0.5975832
-0.5617886
-0.5148572
-0.4621294
-0.3174952
0.01068887
0.2159709
0.2657728
-0.6153101
-0.5881001
-0.5589852
-0.5260126
-0.4798455
-0.3937447
0.1386477
-0.5825619
-0.5497003
-0.5300435
-0.5129999
-0.4865979
-0.5352454
-0.5256172
-0.5215358
-0.5268224
-0.5322018
1.257946
1.256983
1.255819
1.255473
1.251973
1.249992
1.250277
1.251052
1.240079
1.240714
1.240735
1.24071
1.220828
1.223464
1.222678
1.222963
1.191651
1.19479
1.197949
1.200267
1.153827
1.160863
1.166657
1.170386
1.095463
1.109867
1.119676
1.125647
1.128554
1.052721
1.064504
1.074425
1.081283
1.08452
1.001085
1.015001
1.025902
1.033574
1.037857
0.919097
0.9428696
0.961933
0.975516
0.9817582
0.9883054
0.8542184
0.8816424
0.9110684
0.922977
0.9330841
0.9457304
0.750606
0.7840654
0.8199716
0.8516623
0.8667254
0.8829035
0.8967659
-0.9471135
0.663033
0.6885097
0.7233564
0.7638448
0.7904541
0.8064697
0.8264743
-0.8718002
-0.8746935
0.6121622
0.6311671
0.6570386
0.6875322
0.7218144
0.7403483
0.7549493
-0.8352938
-0.8491612
-0.8522251
0.5369847
0.5692883
0.6059576
0.6311097
0.658099
0.6829342
0.6970009
-0.8180496
-0.8029517
-0.8018367
-0.7950522
0.4719458
0.504084
0.5368491
0.566942
0.5911905
0.6173052
-0.7671698
-0.7724749
-0.7701188
-0.7469441
-0.71591
0.4096707
0.4338489
0.4680883
0.5011529
0.5300828
0.5509241
-0.7326173
-0.7341506
-0.7175544
-0.7258544
-0.6891627
-0.6366704
0.3550691
0.3897856
0.4311778
0.4695541
-0.718717
-0.7091228
-0.6899083
-0.6803778
-0.6575273
-0.6067062
0.2059395
0.3326917
0.3762082
0.3971432
-0.6892507
-0.6675496
-0.641717
-0.6083468
-0.5810996
-0.5130466
0.268941
0.3196553
-0.6605344
-0.6496181
-0.6266657
-0.6050997
-0.5844746
-0.557828
-0.6322302
-0.605967
-0.5887707
-0.5819672
-0.5706566
-0.5717229
-0.5713298
-0.5693668
1.258803
1.258864
1.257266
1.256939
1.25296
1.251607
1.251125
1.250896
1.241558
1.241698
1.24119
1.241156
1.220588
1.223865
1.224914
1.225659
1.183308
1.18978
1.197162
1.200239
1.200857
1.144814
1.157184
1.164315
1.171016
1.172905
1.104431
1.11776
1.126331
1.132478
1.136939
1.069376
1.068124
1.07585
1.084124
1.090069
1.095758
1.009048
1.02017
1.029879
1.039093
1.045061
1.0505
0.9444389
0.9646816
0.9837353
0.9913714
0.9981635
1.008422
0.8751243
0.889654
0.9092318
0.9275749
0.9415327
0.9522987
0.9662009
0.8034522
0.8283081
0.8569872
0.8726819
0.8874701
0.9035258
-1.045651
0.7301905
0.7420927
0.7687735
0.7990033
0.8149245
0.8317334
0.8421842
-0.9738549
-0.9935615
-1.003667
0.6753699
0.6898969
0.7088361
0.7325326
0.7548398
0.771556
0.7915379
-0.9465028
-0.9584652
-0.9705706
-0.9717165
0.6070862
0.6221389
0.647199
0.6706452
0.6929542
0.7189207
-0.91451
-0.9145584
-0.9116343
-0.9180565
0.5271701
0.5549431
0.5817791
0.6074364
0.6266932
0.6465401
-0.8610941
-0.8674264
-0.8715928
-0.8557635
-0.8507701
0.4840713
0.5092093
0.5416045
0.5744082
0.5857106
-0.823044
-0.8240258
-0.8167773
-0.811943
-0.7933613
-0.7559962
0.3274127
0.4522749
0.4932036
0.5077474
-0.7872551
-0.790514
-0.7715992
-0.7571312
-0.7451398
-0.7238641
-0.617061
0.3950979
0.4329173
-0.757355
-0.7439721
-0.7238424
-0.7066907
-0.6874812
-0.6787388
-0.7072406
-0.7171195
-0.7039458
-0.6895046
-0.6821384
-0.6643304
-0.6824172
-0.6816115
-0.6617459
-0.6529415
-0.6592923
-0.6259302
-0.6339141
1.259187
1.2585
1.258573
1.255967
1.256907
1.256777
1.252196
1.251462
1.251588
1.242464
1.241646
1.241767
1.239497
1.217451
1.223755
1.225228
1.224809
1.180141
1.190089
1.198287
1.202318
1.203922
1.148163
1.160647
1.167436
1.171455
1.172566
1.105278
1.110996
1.124087
1.131636
1.136145
1.140171
1.074415
1.07709
1.085323
1.092494
1.094649
1.096867
1.018479
1.032277
1.042654
1.050391
1.05367
1.05869
0.9581336
0.9672282
0.9828798
0.9958428
1.006107
1.014653
1.027266
0.9089576
0.9152139
0.9321817
0.9465057
0.9579371
0.9712797
-1.204943
0.8394536
0.8625996
0.8798141
0.8945145
0.9072844
0.9150083
-1.142318
-1.175953
0.7686551
0.7861939
0.8071094
0.8255444
0.841412
0.8516067
0.8662496
-1.063163
-1.088013
-1.106277
0.7297755
0.737097
0.7516695
0.7688183
0.7858209
0.8073657
0.8147795
-1.039033
-1.037954
-1.052981
-1.060958
0.6792109
0.6923878
0.7098451
0.7272601
0.7457356
-0.9944399
-1.002024
-1.003556
-1.010826
-1.015681
0.6058592
0.625177
0.6479511
0.6659071
0.6791197
-0.9491565
-0.9533829
-0.9580638
-0.9642419
-0.9546022
-0.9200622
0.4565976
0.5612701
0.5922815
0.605431
-0.8949152
-0.9108093
-0.901624
-0.9028592
-0.9021628
-0.8649416
-0.61875
0.5093234
0.5380542
0.5520067
-0.8487266
-0.864455
-0.8602558
-0.8529156
-0.8457433
-0.8090984
-0.7881252
0.4809118
-0.8200063
-0.8232719
-0.813751
-0.801881
-0.7935836
-0.7770308
-0.7828214
-0.7825274
-0.7745473
-0.7666329
-0.7525764
-0.7584665
-0.749476
-0.7398508
-0.7412793
-0.7136884
1.25617
1.254743
1.255472
1.254837
1.249137
1.249858
1.250304
1.238964
1.238904
1.240762
1.213838
1.222482
1.223066
1.181117
1.190748
1.19849
1.202065
1.151608
1.164036
1.168584
1.1743
1.11232
1.116025
1.129002
1.137432
1.138389
1.080135
1.085904
1.093144
1.099589
1.102377
1.028278
1.043748
1.053391
1.06077
1.064291
0.9740523
0.9821342
0.9982777
1.009732
1.017899
1.026493
-1.326904
0.9321114
0.9383038
0.9513792
0.9631997
0.9737068
0.9821115
-1.293672
-1.311856
0.8806506
0.8907622
0.9034321
0.9153112
0.9211311
0.9337611
-1.221908
-1.248204
-1.261381
0.8220824
0.8428107
0.853883
0.8652263
0.8749848
0.8802865
-1.144026
-1.164831
-1.192359
-1.212101
0.7779894
0.7920284
0.8014772
0.8131745
0.8311655
-1.097871
-1.115267
-1.13828
-1.148292
-1.158075
0.7305243
0.7360525
0.7444937
0.7618765
0.7701929
-1.064314
-1.073958
-1.08382
-1.092977
-1.098148
-1.097478
0.6615885
0.6794851
0.6929502
0.7007819
-1.01852
-1.031914
-1.042842
-1.052782
-1.037781
-1.031812
0.610157
0.6277397
0.6322748
-0.97865
-0.9830962
-0.9863113
-0.992517
-0.9928772
-0.9522051
-0.9322098
0.5584801
0.5709277
-0.931281
-0.9363585
-0.9358609
-0.9213722
-0.9177846
-0.8910691
-0.8946316
-0.8971346
-0.8902955
-0.8864719
-0.8789477
-0.8595024
-0.8622628
-0.8517864
-0.8382968
-0.8358553
-0.8394642
-0.8184786
-0.8123571
-0.7925022
1.251261
1.247785
1.246827
1.247009
1.235317
1.235806
1.237538
1.211627
1.217003
1.224023
1.18024
1.184852
1.192628
1.196684
1.155843
1.162383
1.1671
1.167137
1.121804
1.133669
1.137386
1.139705
1.086907
1.090077
1.098766
1.106321
1.108461
1.046957
1.055619
1.062488
1.070237
1.076104
0.9971337
1.012062
1.022048
1.029921
1.037179
-1.389293
-1.400779
0.9435229
0.9530926
0.9672864
0.9776351
0.9871613
0.9964365
-1.352592
-1.364863
-1.374371
0.8986096
0.9126689
0.9242313
0.9324023
0.9435945
-1.301749
-1.321025
-1.332751
0.8606668
0.8667017
0.878443
0.8900552
0.8990526
-1.228611
-1.262592
-1.270237
-1.282331
0.8180549
0.823383
0.8338779
0.8442418
0.8490058
-1.155504
-1.180194
-1.208442
-1.217857
-1.225414
-1.230281
0.7668138
0.7783736
0.7881852
-1.118495
-1.134103
-1.153141
-1.163771
-1.168547
-1.170765
0.7159039
0.7206305
0.7296119
-1.083043
-1.086444
-1.104453
-1.118258
-1.113656
-1.111017
-1.107056
-1.045538
-1.054225
-1.060072
-1.065022
-1.052575
-1.046166
-0.9979026
-1.003561
-1.006337
-1.006591
-1.001224
-0.9888418
-0.9475505
-0.9597278
-0.9576124
-0.9540651
-0.953043
-0.9204947
-0.9181703
-0.912474
-0.9189995
-0.8685744
1.243026
1.227686
1.23283
1.209944
1.211136
1.177055
1.180055
1.188057
1.156847
1.156794
1.16105
1.129679
1.134072
1.137115
1.135604
1.087151
1.096755
1.105093
1.109423
1.113471
1.062317
1.066858
1.072818
1.07844
1.086222
-1.497201
1.023925
1.029687
1.035225
1.043172
-1.428715
-1.45011
-1.477706
0.9753299
0.9891696
0.9950305
0.9998577
-1.408185
-1.419891
-1.432801
0.9287301
0.9475015
0.9542806
0.9593911
-1.372203
-1.378092
-1.38819
-1.402163
0.8814381
0.8945795
0.9076971
0.9141816
-1.30239
-1.327134
-1.334851
-1.343171
-1.350062
0.8478423
0.8506243
0.8597251
-1.247818
-1.268507
-1.280102
-1.287703
-1.293246
0.8126947
-1.195156
-1.215738
-1.22599
-1.232051
-1.236325
-1.237774
-1.151873
-1.169676
-1.173084
-1.177655
-1.178491
-1.178428
-1.107595
-1.114934
-1.12175
-1.123869
-1.123086
-1.11591
-1.063552
-1.074752
-1.071595
-1.070122
-1.065929
-1.017735
-1.022571
-1.023924
-1.029243
-0.9829494
-0.9884344
1.172107
1.150288
1.151546
1.151768
1.131166
1.134225
1.133485
1.100219
1.107111
1.109223
-1.612878
-1.643583
1.067882
1.072227
1.081728
-1.558971
-1.58218
1.034371
1.038409
1.049529
-1.486265
-1.507881
-1.523751
-1.557573
1.000104
1.009166
-1.450913
-1.462121
-1.484649
-1.510758
0.960088
0.9749343
-1.422786
-1.429371
-1.442587
-1.452064
-1.466129
-1.382919
-1.37987
-1.38984
-1.399814
-1.413554
-1.321273
-1.32647
-1.335786
-1.344627
-1.351283
-1.355729
-1.264086
-1.274454
-1.280838
-1.288416
-1.293621
-1.301606
-1.215303
-1.215437
-1.228148
-1.233799
-1.236731
-1.242287
-1.170945
-1.175932
-1.180434
-1.181164
-1.178841
-1.125882
-1.128661
-1.126726
-1.131719
-1.078789
-1.084697
-1.078645
-1.713746
-1.648462
-1.671786
-1.688227
-1.612349
-1.621637
-1.64607
-1.554965
-1.578544
-1.596201
-1.612119
-1.483971
-1.505008
-1.536
-1.55515
-1.570121
-1.459314
-1.467221
-1.487601
-1.501185
-1.51521
-1.520879
-1.424729
-1.422614
-1.438384
-1.449872
-1.461367
-1.478018
-1.374196
-1.37469
-1.386529
-1.395623
-1.403123
-1.422712
-1.316778
-1.329619
-1.338725
-1.340431
-1.350845
-1.26326
-1.272394
-1.286176
-1.290292
-1.282291
-1.226716
-1.229758
-1.231567
-1.230842
-1.175557
-1.182469
-1.789381
-1.799873
-1.723056
-1.743587
-1.760358
-1.773548
-1.688581
-1.698988
-1.723261
-1.737522
-1.650743
-1.661638
-1.676004
-1.687929
-1.609382
-1.620802
-1.633563
-1.64775
-1.647907
-1.558302
-1.576753
-1.590488
-1.59986
-1.60646
-1.512697
-1.53147
-1.542233
-1.547086
-1.565207
-1.469731
-1.480697
-1.492043
-1.498191
-1.511172
-1.423273
-1.433019
-1.443577
-1.450961
-1.453716
-1.372739
-1.387278
-1.392557
-1.38586
-1.310539
-1.321071
-1.321941
-1.328148
-1.265942
-1.267798
-1.921961
-1.916754
-1.906998
-1.910718
-1.892666
-1.899112
-1.852699
-1.864537
-1.872349
-1.810236
-1.822445
-1.833457
-1.77552
-1.785158
-1.796415
-1.728801
-1.743937
-1.758679
-1.67627
-1.687843
-1.705907
-1.712899
-1.710739
-1.642244
-1.654708
-1.667963
-1.673163
-1.674317
-1.611168
-1.614164
-1.626094
-1.630823
-1.632894
-1.568944
-1.564072
-1.578063
-1.584416
-1.579345
-1.513616
-1.526721
-1.537197
-1.532896
-1.465755
-1.476224
-1.482884
-1.497783
-1.418083
-1.427883
-1.928666
-1.928023
-1.925721
-1.925857
-1.921792
-1.921973
-1.916083
-1.917752
-1.918352
-1.908416
-1.911459
-1.911274
-1.897818
-1.900111
-1.899371
-1.873607
-1.875135
-1.88271
-1.831234
-1.837736
-1.84732
-1.851759
-1.79793
-1.805251
-1.81386
-1.816211
-1.759825
-1.768128
-1.771698
-1.773211
-1.710491
-1.726799
-1.732482
-1.730914
-1.677683
-1.688767
-1.695179
-1.693708
-1.645183
-1.652602
-1.655792
-1.652103
-1.603698
-1.599218
-1.60891
-1.547163
-1.556676
-1.570945
-1.519455
-1.928512
-1.925878
-1.921808
-1.923362
-1.916591
-1.917614
-1.909204
-1.910205
-1.895799
-1.89827
-1.900904
-1.878034
-1.883247
-1.88456
-1.852184
-1.854711
-1.860452
-1.817255
-1.819244
-1.828779
-1.776407
-1.782287
-1.785542
-1.735102
-1.739575
-1.752124
-1.704279
-1.70647
-1.712762
-1.672237
-1.675574
-1.910404
-1.899419
-1.899419
-1.884524
-1.883581
-1.865304
-1.831551
-1.792799
